>> A

A =
     1     2     3
     2     0    -2
     1     3     5
     4     5     6
     3    -3     3

>> Q = P14(A);
>> Q{1,1}*A

    5.5678    2.8737    6.6454
   -0.0000   -0.3825   -3.5961
   -0.0000    2.8087    4.2019
   -0.0000    4.2349    2.8077
   -0.0000   -3.5738    0.6058

>> Q{1,2}*Q{1,1}*A

    5.5678    2.8737    6.6454
   -0.0000    6.2243    3.6796
   -0.0000   -0.0000    1.1088
   -0.0000    0.0000   -1.8560
   -0.0000    0.0000    4.5415

>> Q{1,3}*Q{1,2}*Q{1,1}*A

    5.5678    2.8737    6.6454
   -0.0000    6.2243    3.6796
   -0.0000    0.0000    5.0298
   -0.0000    0.0000    0.0000
   -0.0000   -0.0000    0.0000