aNorms'
   1.0e-13 *

   0.027457453418757
   0.103590411306370
   0.039279425441070
   0.029778718590716
   0.044468560072418

uNorms'
   1.0e-10 *

   0.001605039100297
   0.225048039034936
   0.002210452931389
   0.003542706911795
   0.002785172958743

vNorms'
   1.0e-10 *

   0.001609522071231
   0.225044242257287
   0.002211971042967
   0.003546098831671
   0.002787234228752

sNorms'
   1.0e-14 *

   0.138278487657420
   0.203236345132158
   0.147080497177988
   0.159085266887556
   0.158695549021527

 Acond'
   1.0e+02 *

   0.483303128115473
   0.427979820171040
   0.484458804204254
   2.071752832435978
   0.757539213962305
