>> A = rand(4,3)
A =
    0.9412    0.5140    0.1830
    0.1128    0.6439    0.9694
    0.3806    0.8492    0.3358
    0.4997    0.9873    0.9615

>> v = rand(3,5)
v =
    0.8081    0.4580    0.8211    0.4860    0.6447
    0.9542    0.1672    0.9689    0.3047    0.8514
    0.7766    0.4877    0.4285    0.3143    0.5161

>> [FLOPs, x] = MatMat(A,v)
FLOPs =
   100
x =
    1.3931    0.6062    1.3492    0.6715    1.1388
    1.4583    0.6321    1.1318    0.5557    1.1211
    1.3787    0.4801    1.2792    0.5493    1.1417
    2.0925    0.8629    1.7788    0.8459    1.6589

>> x - (A*v)
ans =
     0     0     0     0     0
     0     0     0     0     0
     0     0     0     0     0
     0     0     0     0     0