 G
     0     0     0     1     0     0     0     0     0     0
     0     0     0     0     0     0     0     1     0     0
     1     1     0     0     0     0     1     0     0     0
     0     1     1     1     0     0     0     1     0     0
     0     0     0     1     0     0     0     0     0     0
     0     1     0     0     1     0     0     1     1     1
     1     0     0     1     0     1     0     0     0     1
     0     1     0     1     0     0     0     0     0     0
     1     1     0     0     0     0     0     0     0     0
     0     0     0     0     0     1     0     1     1     0

A
    0.0150    0.0150    0.0150    0.1850    0.0150    0.0150    0.0150    0.0150    0.0150    0.0150
    0.0150    0.0150    0.0150    0.0150    0.0150    0.0150    0.0150    0.2275    0.0150    0.0150
    0.2983    0.1850    0.0150    0.0150    0.0150    0.0150    0.8650    0.0150    0.0150    0.0150
    0.0150    0.1850    0.8650    0.1850    0.0150    0.0150    0.0150    0.2275    0.0150    0.0150
    0.0150    0.0150    0.0150    0.1850    0.0150    0.0150    0.0150    0.0150    0.0150    0.0150
    0.0150    0.1850    0.0150    0.0150    0.8650    0.0150    0.0150    0.2275    0.4400    0.4400
    0.2983    0.0150    0.0150    0.1850    0.0150    0.4400    0.0150    0.0150    0.0150    0.4400
    0.0150    0.1850    0.0150    0.1850    0.0150    0.0150    0.0150    0.0150    0.0150    0.0150
    0.2983    0.1850    0.0150    0.0150    0.0150    0.0150    0.0150    0.0150    0.0150    0.0150
    0.0150    0.0150    0.0150    0.0150    0.0150    0.4400    0.0150    0.2275    0.4400    0.0150

PageRank
    0.0516
    0.0269
    0.1729
    0.2151
    0.0516
    0.1312
    0.1632
    0.0561
    0.0342
    0.0972
